

x <- 2+5

x
